1 1  1.000000000000000e+36
1 2 -5.659851525862621e+05
2 1 -5.659851525862621e+05
1 3  4.827768745852627e-12
3 1  4.827768745852627e-12
1 4 -2.255956344346493e-14
4 1 -2.255956344346493e-14
1 5 -1.206937642522915e-13
5 1 -1.206937642522915e-13
1 6  1.857240032165117e+03
6 1  1.857240032165117e+03
1 7 -2.177279967626371e+10
7 1 -2.177279967626371e+10
1 8  5.659851525862621e+05
8 1  5.659851525862621e+05
1 9 -4.827768745852627e-12
9 1 -4.827768745852627e-12
1 10  2.256224283685946e-14
10 1  2.256224283685946e-14
1 11 -1.206946824988040e-13
11 1 -1.206946824988040e-13
1 12  1.857240032222038e+03
12 1  1.857240032222038e+03
2 2  1.000000000000000e+36
2 3 -2.267609267047250e-16
3 2 -2.267609267047250e-16
2 4  1.215406997674814e-13
4 2  1.215406997674814e-13
2 5  1.873137335108991e-18
5 2  1.873137335108991e-18
2 6  9.126310180369520e+07
6 2  9.126310180369520e+07
2 7  5.659851525862621e+05
7 2  5.659851525862621e+05
2 8 -3.650524040577957e+09
8 2 -3.650524040577957e+09
2 9  2.267609267047250e-16
9 2  2.267609267047250e-16
2 10  1.215392905475302e-13
10 2  1.215392905475302e-13
2 11  1.873166013289503e-18
11 2  1.873166013289503e-18
2 12  9.126310180369520e+07
12 2  9.126310180369520e+07
3 3  1.000000000000000e+36
3 4 -8.512759182054650e+02
4 3 -8.512759182054650e+02
3 5 -9.062802292483771e+07
5 3 -9.062802292483771e+07
3 6 -3.212848371463868e-18
6 3 -3.212848371463868e-18
3 7 -4.827768745852627e-12
7 3 -4.827768745852627e-12
3 8  2.267609267047250e-16
8 3  2.267609267047250e-16
3 9 -3.625120866857876e+09
9 3 -3.625120866857876e+09
3 10 -8.512759182054650e+02
10 3 -8.512759182054650e+02
3 11 -9.062802292483771e+07
11 3 -9.062802292483771e+07
3 12 -3.212848371463868e-18
12 3 -3.212848371463868e-18
4 4  1.000000000000000e+36
4 5  3.968192895106190e+02
5 4  3.968192895106190e+02
4 6  1.912205591096222e-13
6 4  1.912205591096222e-13
4 7  2.255956344346493e-14
7 4  2.255956344346493e-14
4 8 -1.215406997674814e-13
8 4 -1.215406997674814e-13
4 9  8.512759182054650e+02
9 4  8.512759182054650e+02
4 10 -5.123906883324031e+07
10 4 -5.123906883324031e+07
4 11  2.140818842511145e+03
11 4  2.140818842511145e+03
4 12 -1.993544182499786e-13
12 4 -1.993544182499786e-13
5 5  1.000000000000000e+36
5 6  4.656612960532945e-09
6 5  4.656612960532945e-09
5 7  1.206937642522915e-13
7 5  1.206937642522915e-13
5 8 -1.873137335109041e-18
8 5 -1.873137335109041e-18
5 9  9.062802292483769e+07
9 5  9.062802292483769e+07
5 10 -2.799677827402298e+03
10 5 -2.799677827402298e+03
5 11 -6.681697361843234e+07
11 5 -6.681697361843234e+07
5 12 -4.656612805218951e-09
12 5 -4.656612805218951e-09
6 6  1.000000000000000e+36
6 7 -1.857240032165117e+03
7 6 -1.857240032165117e+03
6 8 -9.126310180369520e+07
8 6 -9.126310180369520e+07
6 9  3.212848371463868e-18
9 6  3.212848371463868e-18
6 10 -1.709327004291459e-13
10 6 -1.709327004291459e-13
6 11 -4.656613115839116e-09
11 6 -4.656613115839116e-09
6 12 -1.191041999185009e+08
12 6 -1.191041999185009e+08
7 7  4.354559945039088e+10
7 8 -1.860203843581269e+06
8 7 -1.860203843581269e+06
7 9  2.157305973872213e-11
9 7  2.157305973872213e-11
7 10 -4.395048628975360e-14
10 7 -4.395048628975360e-14
7 11 -2.979363075480003e-13
11 7 -2.979363075480003e-13
7 12  3.677337106771498e+03
12 7  3.677337106771498e+03
7 13 -2.177279977412717e+10
13 7 -2.177279977412717e+10
7 14  1.294218690995006e+06
14 7  1.294218690995006e+06
7 15 -1.674529099286950e-11
15 7 -1.674529099286950e-11
7 16  2.139768123398905e-14
16 7  2.139768123398905e-14
7 17 -4.186335847646730e-13
17 7 -4.186335847646730e-13
7 18  5.534577139050455e+03
18 7  5.534577139050455e+03
8 8  7.301048186950459e+09
8 9 -1.648591518766239e-15
9 8 -1.648591518766239e-15
8 10  3.000281131578226e-13
10 8  3.000281131578226e-13
8 11  3.565999218314419e-18
11 8  3.565999218314419e-18
8 12 -1.355293542146683e-01
12 8 -1.355293542146683e-01
8 13  1.294218690995007e+06
13 8  1.294218690995007e+06
8 14 -3.650524146372502e+09
14 8 -3.650524146372502e+09
8 15  1.421830592061514e-15
15 8  1.421830592061514e-15
8 16  4.215643481098915e-13
16 8  4.215643481098915e-13
8 17  5.439350535724401e-18
17 8  5.439350535724401e-18
8 18  9.126310166816585e+07
18 8  9.126310166816585e+07
9 9  7.250241764958842e+09
9 10 -3.661727671060646e+03
10 9 -3.661727671060646e+03
9 11  8.527144789695740e-02
11 9  8.527144789695740e-02
9 12 -6.945300059654800e-18
12 9 -6.945300059654800e-18
9 13 -1.674529099286950e-11
13 9 -1.674529099286950e-11
9 14  1.421830592061514e-15
14 9  1.421830592061514e-15
9 15 -3.625120898100966e+09
15 9 -3.625120898100966e+09
9 16 -4.513003589266111e+03
16 9 -4.513003589266111e+03
9 17 -9.062802283956626e+07
17 9 -9.062802283956626e+07
9 18 -1.015814843111867e-17
18 9 -1.015814843111867e-17
10 10  1.024781381528487e+08
10 11  1.604043677400745e+03
11 10  1.604043677400745e+03
10 12  8.081805122280924e-13
12 10  8.081805122280924e-13
10 13  2.138824345289414e-14
13 10  2.138824345289414e-14
10 14 -4.215674037053529e-13
14 10 -4.215674037053529e-13
10 15  4.513003589266110e+03
15 10  4.513003589266110e+03
10 16 -5.123906930505782e+07
16 10 -5.123906930505782e+07
10 17  1.463848127105837e+03
17 10  1.463848127105837e+03
10 18 -4.964056886143131e-13
18 10 -4.964056886143131e-13
11 11  1.426967501203228e+08
11 12  9.313226239117561e-09
12 11  9.313226239117561e-09
11 13  4.186309900468043e-13
13 11  4.186309900468043e-13
11 14 -5.439165231604119e-18
14 11 -5.439165231604119e-18
11 15  9.062802283956625e+07
15 11  9.062802283956625e+07
11 16 -3.377843556482720e+03
16 11 -3.377843556482720e+03
11 17 -6.681697413164867e+07
17 11 -6.681697413164867e+07
11 18 -4.656613130442438e-09
18 11 -4.656613130442438e-09
12 12  2.473347110919136e+08
12 13 -5.534577138993535e+03
13 12 -5.534577138993535e+03
12 14 -9.126310166816585e+07
14 12 -9.126310166816585e+07
12 15  1.015814843111877e-17
15 12  1.015814843111877e-17
12 16 -6.953576302441912e-13
16 12 -6.953576302441912e-13
12 17 -4.656613428494584e-09
17 12 -4.656613428494584e-09
12 18 -1.191042008985515e+08
18 12 -1.191042008985515e+08
13 13  4.354559737009267e+10
13 14 -3.301994171107778e+06
14 13 -3.301994171107778e+06
13 15  4.358067944482489e-11
15 13  4.358067944482489e-11
13 16 -4.177481325928235e-14
16 13 -4.177481325928235e-14
13 17 -2.522491717052563e-13
17 13 -2.522491717052563e-13
13 18  3.603426533574807e+03
18 13  3.603426533574807e+03
13 19 -2.177279759596550e+10
19 13 -2.177279759596550e+10
13 20  2.007775480112772e+06
20 13  2.007775480112772e+06
13 21 -2.683538845195539e-11
21 13 -2.683538845195539e-11
13 22  2.039248015631558e-14
22 13  2.039248015631558e-14
13 23 -6.708868386549621e-13
23 13 -6.708868386549621e-13
13 24  9.138003672682182e+03
24 13  9.138003672682182e+03
14 14  7.301048074504026e+09
14 15 -4.767706566331555e-15
15 14 -4.767706566331555e-15
14 16  2.540239708586060e-13
16 14  2.540239708586060e-13
14 17  3.358827085834101e-18
17 14  3.358827085834101e-18
14 18 -4.485864639282227e-01
18 14 -4.485864639282227e-01
14 19  2.007775480112772e+06
19 14  2.007775480112772e+06
14 20 -3.650523928131524e+09
20 14 -3.650523928131524e+09
14 21  3.345875974270041e-15
21 14  3.345875974270041e-15
14 22  6.755838020834660e-13
22 14  6.755838020834660e-13
14 23  8.798629888810603e-18
23 14  8.798629888810603e-18
14 24  9.126310121957938e+07
24 14  9.126310121957938e+07
15 15  7.250241445686652e+09
15 16 -3.588331415873052e+03
16 15 -3.588331415873052e+03
15 17  5.252025425434113e-01
17 15  5.252025425434113e-01
15 18 -6.314320835203351e-18
18 15 -6.314320835203351e-18
15 19 -2.683538845195539e-11
19 15 -2.683538845195539e-11
15 20  3.345875974270047e-15
20 15  3.345875974270047e-15
15 21 -3.625120547585686e+09
21 15 -3.625120547585686e+09
15 22 -8.101335005139163e+03
22 15 -8.101335005139163e+03
15 23 -9.062802231436372e+07
23 15 -9.062802231436372e+07
15 24 -1.647246926632202e-17
24 15 -1.647246926632202e-17
16 16  1.024781339573921e+08
16 17  3.208567944905151e+03
17 16  3.208567944905151e+03
16 18  1.619376942110236e-12
18 16  1.619376942110236e-12
16 19  2.037713202529330e-14
19 16  2.037713202529330e-14
16 20 -6.755883189684973e-13
20 16 -6.755883189684973e-13
16 21  8.101335005139163e+03
21 16  8.101335005139163e+03
16 22 -5.123906459809128e+07
22 16 -5.123906459809128e+07
16 23  7.999925811161490e+02
23 16  7.999925811161490e+02
16 24 -1.082324539334950e-12
24 16 -1.082324539334950e-12
17 17  1.426967441669301e+08
17 18  9.313226371838077e-09
18 17  9.313226371838077e-09
17 19  6.708827564699292e-13
19 17  6.708827564699292e-13
17 20 -8.798177621558699e-18
20 17 -8.798177621558699e-18
17 21  9.062802231436372e+07
21 17  9.062802231436372e+07
17 22 -3.943892142691436e+03
22 17 -3.943892142691436e+03
17 23 -6.681696732699671e+07
23 17 -6.681696732699671e+07
17 24 -4.656612929954327e-09
24 17 -4.656612929954327e-09
18 18  2.473347008284177e+08
18 19 -9.138003672625262e+03
19 18 -9.138003672625262e+03
18 20 -9.126310121957938e+07
20 18 -9.126310121957938e+07
18 21  1.647246926632202e-17
21 18  1.647246926632202e-17
18 22 -8.549508267639032e-13
22 18 -8.549508267639032e-13
18 23 -4.656613262030032e-09
23 18 -4.656613262030032e-09
18 24 -1.191041892692026e+08
24 18 -1.191041892692026e+08
19 19  4.354559849228181e+10
19 20 -4.714580689330515e+06
20 19 -4.714580689330515e+06
19 21  6.178356303828162e-11
21 19  6.178356303828162e-11
19 22 -3.995036927946435e-14
22 19 -3.995036927946435e-14
19 23 -2.028147880729800e-13
23 19 -2.028147880729800e-13
19 24  3.530266113336318e+03
24 19  3.530266113336318e+03
19 25 -2.177280089631632e+10
25 19 -2.177280089631632e+10
19 26  2.706805209217742e+06
26 19  2.706805209217742e+06
19 27 -3.494817458632623e-11
27 19 -3.494817458632623e-11
19 28  1.957815848293630e-14
28 19  1.957815848293630e-14
19 29 -8.737070592193173e-13
29 19 -8.737070592193173e-13
19 30  1.266826978607542e+04
30 19  1.266826978607542e+04
20 20  7.301048634208395e+09
20 21 -9.080409422244956e-15
21 20 -9.080409422244956e-15
20 22  2.042459952747493e-13
22 20  2.042459952747493e-13
20 23  3.150345568739145e-18
23 20  3.150345568739145e-18
20 24 -1.515671163797379e-01
24 20 -1.515671163797379e-01
20 25  2.706805209217742e+06
25 20  2.706805209217742e+06
20 26 -3.650524706076871e+09
26 20 -3.650524706076871e+09
20 27  5.734533447974914e-15
27 20  5.734533447974914e-15
20 28  8.798239518643020e-13
28 20  8.798239518643020e-13
20 29  1.194978687304034e-17
29 20  1.194978687304034e-17
20 30  9.126310106801227e+07
30 20  9.126310106801227e+07
21 21  7.250241695126297e+09
21 22 -3.515680139407454e+03
22 21 -3.515680139407454e+03
21 23 -8.560308814048767e-02
23 21 -8.560308814048767e-02
21 24 -5.611591792732328e-18
24 21 -5.611591792732328e-18
21 25 -3.494817458632623e-11
25 21 -3.494817458632623e-11
21 26  5.734533447974914e-15
26 21  5.734533447974914e-15
21 27 -3.625121147540611e+09
27 21 -3.625121147540611e+09
21 28 -1.161701514454662e+04
28 21 -1.161701514454662e+04
21 29 -9.062802239996681e+07
29 21 -9.062802239996681e+07
21 30 -2.208406105905435e-17
30 21 -2.208406105905435e-17
22 22  1.024781376697819e+08
22 23  4.780686220878053e+03
23 22  4.780686220878053e+03
22 24  2.347052416707181e-12
24 22  2.347052416707181e-12
22 25  1.955788912314878e-14
25 22  1.955788912314878e-14
22 26 -8.798297973582154e-13
26 22 -8.798297973582154e-13
22 27  1.161701514454662e+04
27 22  1.161701514454662e+04
22 28 -5.123907295050393e+07
28 22 -5.123907295050393e+07
22 29  1.491234279592695e+02
29 22  1.491234279592695e+02
22 30 -1.300644112870942e-12
30 22 -1.300644112870942e-12
23 23  1.426967482609135e+08
23 24  9.313227157339621e-09
24 23  9.313227157339621e-09
23 25  8.737016267279421e-13
25 23  8.737016267279421e-13
23 26 -1.194897545754975e-17
26 23 -1.194897545754975e-17
23 27  9.062802239996681e+07
27 23  9.062802239996681e+07
23 28 -4.497952370075950e+03
28 23 -4.497952370075950e+03
23 29 -6.681697858139156e+07
29 23 -6.681697858139156e+07
23 30 -4.656613915317534e-09
30 23 -4.656613915317534e-09
24 24  2.473347086758693e+08
24 25 -1.266826978601850e+04
25 24 -1.266826978601850e+04
24 26 -9.126310106801227e+07
26 24 -9.126310106801227e+07
24 27  2.208406105905435e-17
27 24  2.208406105905435e-17
24 28 -1.300644061969140e-12
28 24 -1.300644061969140e-12
24 29 -4.656614223323534e-09
29 24 -4.656614223323534e-09
24 30 -1.191042090409869e+08
30 24 -1.191042090409869e+08
25 25  4.354560156086259e+10
25 26 -6.098261179711442e+06
26 25 -6.098261179711442e+06
25 27  8.023883124075568e-11
27 25  8.023883124075568e-11
25 28 -3.819639674209585e-14
28 25 -3.819639674209585e-14
25 29 -2.585560438884611e-13
29 25 -2.585560438884611e-13
25 30  3.457855816155930e+03
30 25  3.457855816155930e+03
25 31 -2.177280066454628e+10
31 25 -2.177280066454628e+10
25 32  3.391455970493699e+06
32 25  3.391455970493699e+06
25 33 -4.529065665442945e-11
33 25 -4.529065665442945e-11
25 34  1.864485795967041e-14
34 25  1.864485795967041e-14
25 35 -1.132269687470643e-12
35 25 -1.132269687470643e-12
25 36  1.612612560228827e+04
36 25  1.612612560228827e+04
26 26  7.301049643686577e+09
26 27 -1.486351986003393e-14
27 26 -1.486351986003393e-14
26 28  2.603803490541740e-13
28 26  2.603803490541740e-13
26 29  2.893726423410714e-18
29 26  2.893726423410714e-18
26 30 -5.456013232469559e-01
30 26 -5.456013232469559e-01
26 31  3.391455970493699e+06
31 26  3.391455970493699e+06
26 32 -3.650524937609705e+09
32 26 -3.650524937609705e+09
26 33  9.128986412059013e-15
33 26  9.128986412059013e-15
26 34  1.140197327393317e-12
34 26  1.140197327393317e-12
26 35  1.484474551343650e-17
35 26  1.484474551343650e-17
26 36  9.126310052241094e+07
36 26  9.126310052241094e+07
27 27  7.250242296231562e+09
27 28 -3.443773710280342e+03
28 27 -3.443773710280342e+03
27 29  5.071571022272110e-01
29 27  5.071571022272110e-01
27 30 -6.069918601319239e-18
30 27 -6.069918601319239e-18
27 31 -4.529065665442945e-11
31 27 -4.529065665442945e-11
27 32  9.128986412059013e-15
32 27  9.128986412059013e-15
27 33 -3.625121148690950e+09
33 27 -3.625121148690950e+09
27 34 -1.506078885482696e+04
34 27 -1.506078885482696e+04
27 35 -9.062802189280970e+07
35 27 -9.062802189280970e+07
27 36 -2.815397966037359e-17
36 27 -2.815397966037359e-17
28 28  1.024781463106715e+08
28 29  6.320728976716696e+03
29 28  6.320728976716696e+03
28 30  3.072342905411463e-12
30 28  3.072342905411463e-12
28 31  1.861823825915955e-14
31 28  1.861823825915955e-14
28 32 -1.140204300918476e-12
32 28 -1.140204300918476e-12
28 33  1.506078885482696e+04
33 28  1.506078885482696e+04
28 34 -5.123907314647795e+07
34 28 -5.123907314647795e+07
28 35 -4.888865031682255e+02
35 28 -4.888865031682255e+02
28 36 -1.642275763782552e-12
36 28 -1.642275763782552e-12
29 29  1.426967585301329e+08
29 30  9.313228321066752e-09
30 29  9.313228321066752e-09
29 31  1.132263103107778e-12
31 29  1.132263103107778e-12
29 32 -1.484351329645105e-17
32 29 -1.484351329645105e-17
29 33  9.062802189280970e+07
33 29  9.062802189280970e+07
29 34 -5.040151414017972e+03
34 29 -5.040151414017972e+03
29 35 -6.681697838975306e+07
35 29 -6.681697838975306e+07
29 36 -4.656614117230937e-09
36 29 -4.656614117230937e-09
30 30  2.473347277237610e+08
30 31 -1.612612560223135e+04
31 30 -1.612612560223135e+04
30 32 -9.126310052241094e+07
32 30 -9.126310052241094e+07
30 33  2.815397966037398e-17
33 30  2.815397966037398e-17
30 34 -1.699119119658594e-12
34 30 -1.699119119658594e-12
30 35 -4.656614414657509e-09
35 30 -4.656614414657509e-09
30 36 -1.191042090330998e+08
36 30 -1.191042090330998e+08
31 31  4.354559452020208e+10
31 32 -7.453331994568080e+06
32 31 -7.453331994568080e+06
31 33  1.062074017051954e-10
33 31  1.062074017051954e-10
31 34 -3.589946431750706e-14
34 31 -3.589946431750706e-14
31 35 -3.906456830360642e-13
35 31 -3.906456830360642e-13
31 36  3.386196582413599e+03
36 31  3.386196582413599e+03
31 37 -2.177279385565580e+10
37 31 -2.177279385565580e+10
31 38  4.061876024074380e+06
38 31  4.061876024074380e+06
31 39 -6.091674505076598e-11
39 31 -6.091674505076598e-11
31 40  1.729086686122083e-14
40 31  1.729086686122083e-14
31 41 -1.522922756431667e-12
41 31 -1.522922756431667e-12
31 42  1.951232218475879e+04
42 31  1.951232218475879e+04
32 32  7.301049036614277e+09
32 33 -2.356991363462004e-14
33 32 -2.356991363462004e-14
32 34  3.933975482360249e-13
34 32  3.933975482360249e-13
32 35  2.442829767886348e-18
35 32  2.442829767886348e-18
32 36 -1.168081417679787e+00
36 32 -1.168081417679787e+00
32 37  4.061876024074379e+06
37 32  4.061876024074379e+06
32 38 -3.650524099004572e+09
38 32 -3.650524099004572e+09
32 39  1.444092722256102e-14
39 32  1.444092722256102e-14
32 40  1.533587132701759e-12
40 32  1.533587132701759e-12
32 41  1.728923074227820e-17
41 32  1.728923074227820e-17
32 42  9.126309935432953e+07
42 32  9.126309935432953e+07
33 33  7.250241175819149e+09
33 34 -3.372613060030217e+03
34 33 -3.372613060030217e+03
33 35  1.501692324876785e+00
35 33  1.501692324876785e+00
33 36 -7.264675043515400e-18
36 33 -7.264675043515400e-18
33 37 -6.091674505076598e-11
37 33 -6.091674505076598e-11
33 38  1.444092722256105e-14
38 33  1.444092722256105e-14
33 39 -3.625120027128199e+09
39 33 -3.625120027128199e+09
33 40 -1.843340191485718e+04
40 33 -1.843340191485718e+04
33 41 -9.062802039111738e+07
41 33 -9.062802039111738e+07
33 42 -3.541865470388899e-17
42 33 -3.541865470388899e-17
34 34  1.024781314863950e+08
34 35  7.829025570275728e+03
35 34  7.829025570275728e+03
34 36  3.940394500589453e-12
36 34  3.940394500589453e-12
34 37  1.725460635783665e-14
37 34  1.725460635783665e-14
34 38 -1.533594875629342e-12
38 34 -1.533594875629342e-12
34 39  1.843340191485718e+04
39 34  1.843340191485718e+04
34 40 -5.123905800979967e+07
40 34 -5.123905800979967e+07
34 41 -1.114164473406491e+03
41 34 -1.114164473406491e+03
34 42 -2.022320657152153e-12
42 34 -2.022320657152153e-12
35 35  1.426967379246796e+08
35 36  9.313227256515800e-09
36 35  9.313227256515800e-09
35 37  1.522915370506707e-12
37 35  1.522915370506707e-12
35 38 -1.728757528132364e-17
38 35 -1.728757528132364e-17
35 39  9.062802039111738e+07
39 35  9.062802039111738e+07
35 40 -5.570616513844475e+03
40 35 -5.570616513844475e+03
35 41 -6.681695677630753e+07
41 35 -6.681695677630753e+07
35 42 -4.656612885252016e-09
42 35 -4.656612885252016e-09
36 36  2.473346919649613e+08
36 37 -1.951232218470187e+04
37 36 -1.951232218470187e+04
36 38 -9.126309935432953e+07
38 36 -9.126309935432953e+07
36 39  3.541865470388899e-17
39 36  3.541865470388899e-17
36 40 -2.249694255756359e-12
40 36 -2.249694255756359e-12
36 41 -4.656613143857602e-09
41 36 -4.656613143857602e-09
36 42 -1.191041719380226e+08
42 36 -1.191041719380226e+08
37 37  4.354560045573848e+10
37 38 -8.780095243776213e+06
38 37 -8.780095243776213e+06
37 39  1.353088223077560e-10
39 37  1.353088223077560e-10
37 40 -3.337837947246105e-14
40 37 -3.337837947246105e-14
37 41 -3.368745787712994e-13
41 37 -3.368745787712994e-13
37 42  3.315287165714697e+03
42 37  3.315287165714697e+03
37 43 -2.177280660008268e+10
43 37 -2.177280660008268e+10
37 44  4.718219219701832e+06
44 37  4.718219219701832e+06
37 45 -7.439207725699000e-11
45 37 -7.439207725699000e-11
37 46  1.613233147855164e-14
46 37  1.613233147855164e-14
37 47 -1.859805394342065e-12
47 37 -1.859805394342065e-12
37 48  2.282760935053041e+04
48 37  2.282760935053041e+04
38 38  7.301050747907127e+09
38 39 -3.472666800476776e-14
39 38 -3.472666800476776e-14
38 40  3.392510706304538e-13
40 38  3.392510706304538e-13
38 41  2.252138839176392e-18
41 38  2.252138839176392e-18
38 42  2.445054054260254e-01
42 38  2.445054054260254e-01
38 43  4.718219219701833e+06
43 38  4.718219219701833e+06
38 44 -3.650526648902555e+09
44 38 -3.650526648902555e+09
38 45  2.028574078220673e-14
45 38  2.028574078220673e-14
38 46  1.872829814747678e-12
46 38  1.872829814747678e-12
38 47  1.954346781536959e-17
47 38  1.954346781536959e-17
38 48  9.126309959883493e+07
48 38  9.126309959883493e+07
39 39  7.250242300636296e+09
39 40 -3.302197340024250e+03
40 39 -3.302197340024250e+03
39 41 -1.024282500147820e+00
41 39 -1.024282500147820e+00
39 42 -6.533197650226963e-18
42 39 -6.533197650226963e-18
39 43 -7.439207725699002e-11
43 39 -7.439207725699002e-11
39 44  2.028574078220672e-14
44 39  2.028574078220672e-14
39 45 -3.625122273508098e+09
45 39 -3.625122273508098e+09
39 46 -2.173559925488142e+04
46 39 -2.173559925488142e+04
39 47 -9.062802141539988e+07
47 39 -9.062802141539988e+07
39 48 -4.195185235411595e-17
48 39 -4.195185235411595e-17
40 40  1.024781475033927e+08
40 41  9.305910071511418e+03
41 40  9.305910071511418e+03
40 42  4.863765198020252e-12
42 40  4.863765198020252e-12
40 43  1.608751261124023e-14
43 40  1.608751261124023e-14
40 44 -1.872838203332213e-12
44 40 -1.872838203332213e-12
40 45  2.173559925488142e+04
45 40  2.173559925488142e+04
40 46 -5.123908902470133e+07
46 40 -5.123908902470133e+07
40 47 -1.726843722810462e+03
47 40 -1.726843722810462e+03
40 48 -2.571647406005667e-12
48 40 -2.571647406005667e-12
41 41  1.426967573551027e+08
41 42  9.313228908288777e-09
42 41  9.313228908288777e-09
41 43  1.859797335202967e-12
43 41  1.859797335202967e-12
41 44 -1.954136958145460e-17
44 41 -1.954136958145460e-17
41 45  9.062802141539988e+07
45 41  9.062802141539988e+07
41 46 -6.089480937828458e+03
46 41 -6.089480937828458e+03
41 47 -6.681699927393788e+07
47 41 -6.681699927393788e+07
41 48 -4.656615773893640e-09
48 41 -4.656615773893640e-09
42 42  2.473347276946808e+08
42 43 -2.282760935047349e+04
43 42 -2.282760935047349e+04
42 44 -9.126309959883493e+07
44 42 -9.126309959883493e+07
42 45  4.195185235411595e-17
45 42  4.195185235411595e-17
42 46 -2.543225617419639e-12
46 42 -2.543225617419639e-12
42 47 -4.656616087220910e-09
47 42 -4.656616087220910e-09
42 48 -1.191042461058901e+08
48 42 -1.191042461058901e+08
43 43  4.354559977799878e+10
43 44 -1.007884440274706e+07
44 43 -1.007884440274706e+07
43 45  1.563612926342647e-10
45 43  1.563612926342647e-10
43 46 -3.156187560577542e-14
46 43 -3.156187560577542e-14
43 47 -1.894212021363778e-13
47 43 -1.894212021363778e-13
43 48  3.245127735539438e+03
48 43  3.245127735539438e+03
43 49 -2.177279317791610e+10
49 43 -2.177279317791610e+10
43 50  5.360625183045227e+06
50 43  5.360625183045227e+06
43 51 -8.196921537727472e-11
51 43 -8.196921537727472e-11
43 52  1.547949791262002e-14
52 43  1.547949791262002e-14
43 53 -2.049235426809068e-12
53 43 -2.049235426809068e-12
43 54  2.607273708612676e+04
54 43  2.607273708612676e+04
44 44  7.301051425222665e+09
44 45 -4.557509680335194e-14
45 44 -4.557509680335194e-14
44 46  1.907658678489881e-13
46 44  1.907658678489881e-13
44 47  2.272494092391624e-18
47 44  2.272494092391624e-18
44 48 -1.883130893111229e+00
48 44 -1.883130893111229e+00
44 49  5.360625183045227e+06
49 44  5.360625183045227e+06
44 50 -3.650524776320109e+09
50 44 -3.650524776320109e+09
44 51  2.528935602114521e-14
51 44  2.528935602114521e-14
44 52  2.063586539603583e-12
52 44  2.063586539603583e-12
44 53  2.181857394768535e-17
53 44  2.181857394768535e-17
44 54  9.126309771570404e+07
54 44  9.126309771570404e+07
45 45  7.250242302693153e+09
45 46 -3.232525759956723e+03
46 45 -3.232525759956723e+03
45 47  2.589553073048592e+00
47 45  2.589553073048592e+00
45 48 -4.842308271722224e-18
48 45 -4.842308271722224e-18
45 49 -8.196921537727472e-11
49 45 -8.196921537727472e-11
45 50  2.528935602114518e-14
50 45  2.528935602114518e-14
45 51 -3.625120029185056e+09
51 45 -3.625120029185056e+09
45 52 -2.496812501483815e+04
52 45 -2.496812501483815e+04
45 53 -9.062801882584681e+07
53 45 -9.062801882584681e+07
45 54 -4.679416062583817e-17
54 45 -4.679416062583817e-17
46 46  1.024781482397615e+08
46 47  1.075170933701106e+04
47 46  1.075170933701106e+04
46 48  5.619123226624096e-12
48 46  5.619123226624096e-12
46 49  1.542954412722379e-14
49 46  1.542954412722379e-14
46 50 -2.063595682596666e-12
50 46 -2.063595682596666e-12
46 51  2.496812501483815e+04
51 46  2.496812501483815e+04
46 52 -5.123905858657013e+07
52 46 -5.123905858657013e+07
46 53 -2.327042360470303e+03
53 46 -2.327042360470303e+03
46 54 -2.907498081829850e-12
54 46 -2.907498081829850e-12
47 47  1.426967566269858e+08
47 48  9.313229139662906e-09
48 47  9.313229139662906e-09
47 49  2.049226596478443e-12
49 47  2.049226596478443e-12
47 50 -2.181596190776122e-17
50 47 -2.181596190776122e-17
47 51  9.062801882584679e+07
51 47  9.062801882584679e+07
47 52 -6.596862781351423e+03
52 47 -6.596862781351423e+03
47 53 -6.681695620728887e+07
53 47 -6.681695620728887e+07
47 54 -4.656613094177701e-09
54 47 -4.656613094177701e-09
48 48  2.473347276810889e+08
48 49 -2.607273708606984e+04
49 48 -2.607273708606984e+04
48 50 -9.126309771570404e+07
50 48 -9.126309771570404e+07
48 51  4.679416062583896e-17
51 48  4.679416062583896e-17
48 52 -2.822232869721880e-12
52 48 -2.822232869721880e-12
48 53 -4.656613422959531e-09
53 48 -4.656613422959531e-09
48 54 -1.191041719239197e+08
54 48 -1.191041719239197e+08
49 49  4.354559902465848e+10
49 50 -1.134988013784920e+07
50 49 -1.134988013784920e+07
49 51  1.724967372776286e-10
51 49  1.724967372776286e-10
49 52 -3.015646223750127e-14
52 49 -3.015646223750127e-14
49 53 -2.139472686032826e-13
53 49 -2.139472686032826e-13
49 54  3.175719793580149e+03
54 49  3.175719793580149e+03
49 55 -2.177280584674238e+10
55 49 -2.177280584674238e+10
49 56  5.989254954803973e+06
56 49  5.989254954803973e+06
49 57 -9.052752190035392e-11
57 49 -9.052752190035392e-11
49 58  1.473273895006136e-14
58 49  1.473273895006136e-14
49 59 -2.263192120782069e-12
59 49 -2.263192120782069e-12
49 60  2.924845687976383e+04
60 49  2.924845687976383e+04
50 50  7.301052178158213e+09
50 51 -5.637277034487221e-14
51 50 -5.637277034487221e-14
50 52  2.154651203116042e-13
52 50  2.154651203116042e-13
50 53  2.059997185308434e-18
53 50  2.059997185308434e-18
50 54  5.103197693824768e-02
54 50  5.103197693824768e-02
50 55  5.989254954803973e+06
55 50  5.989254954803973e+06
50 56 -3.650527401838103e+09
56 50 -3.650527401838103e+09
50 57  3.108341432372700e-14
57 50  3.108341432372700e-14
50 58  2.279041940265842e-12
58 50  2.279041940265842e-12
50 59  2.388168613513281e-17
59 50  2.388168613513281e-17
50 60  9.126309776673602e+07
60 50  9.126309776673602e+07
51 51  7.250242304655989e+09
51 52 -3.163601241387194e+03
52 51 -3.163601241387194e+03
51 53 -8.293228596448898e-01
53 51 -8.293228596448898e-01
51 54 -4.973280598279837e-18
54 51 -4.973280598279837e-18
51 55 -9.052752190035392e-11
55 51 -9.052752190035392e-11
51 56  3.108341432372702e-14
56 51  3.108341432372702e-14
51 57 -3.625122275470932e+09
57 51 -3.625122275470932e+09
51 58 -2.813172625622534e+04
58 51 -2.813172625622534e+04
51 59 -9.062801965516967e+07
59 51 -9.062801965516967e+07
51 60 -5.176744122411801e-17
60 51 -5.176744122411801e-17
52 52  1.024781490607412e+08
52 53  1.216675633650273e+04
53 52  1.216675633650273e+04
52 54  6.269120202380193e-12
54 52  6.269120202380193e-12
52 55  1.467696432488125e-14
55 52  1.467696432488125e-14
52 56 -2.279051659915187e-12
56 52 -2.279051659915187e-12
52 57  2.813172625622535e+04
57 52  2.813172625622535e+04
52 58 -5.123908966672713e+07
58 52 -5.123908966672713e+07
52 59 -2.914901319404660e+03
59 52 -2.914901319404660e+03
52 60 -3.229755466915484e-12
60 52 -3.229755466915484e-12
53 53  1.426967558138812e+08
53 54  9.313229345360291e-09
54 53  9.313229345360291e-09
53 55  2.263182695412351e-12
55 53  2.263182695412351e-12
53 56 -2.387857113299418e-17
56 53 -2.387857113299418e-17
53 57  9.062801965516968e+07
57 53  9.062801965516968e+07
53 58 -7.092902976888429e+03
58 53 -7.092902976888429e+03
53 59 -6.681699863930971e+07
59 53 -6.681699863930971e+07
53 60 -4.656615984226491e-09
60 53 -4.656615984226491e-09
54 54  2.473347276681184e+08
54 55 -2.924845687970691e+04
55 54 -2.924845687970691e+04
54 56 -9.126309776673602e+07
56 54 -9.126309776673602e+07
54 57  5.176744122411722e-17
57 54  5.176744122411722e-17
54 58 -3.144490249291761e-12
58 54 -3.144490249291761e-12
54 59 -4.656616313678915e-09
59 54 -4.656616313678915e-09
54 60 -1.191042460924320e+08
60 54 -1.191042460924320e+08
55 55  4.354559820134063e+10
55 56 -1.259349892847452e+07
56 55 -1.259349892847452e+07
55 57  1.862117795953501e-10
57 55  1.862117795953501e-10
55 58 -2.892382361325959e-14
58 55 -2.892382361325959e-14
55 59 -1.289100701453624e-13
59 55 -1.289100701453624e-13
55 60  3.107060943436943e+03
60 55  3.107060943436943e+03
55 61 -2.177279235459825e+10
61 55 -2.177279235459825e+10
55 62  6.604243973670546e+06
62 55  6.604243973670546e+06
55 63 -9.568425769499616e-11
63 55 -9.568425769499616e-11
55 64  1.425065096747017e-14
64 55  1.425065096747017e-14
55 65 -2.392112274379861e-12
65 55 -2.392112274379861e-12
55 66  3.235551782325769e+04
66 55  3.235551782325769e+04
56 56  7.301053001090295e+09
56 57 -6.723744921427983e-14
57 56 -6.723744921427983e-14
56 58  1.298333007052377e-13
58 56  1.298333007052377e-13
56 59  2.110381828661479e-18
59 56  2.110381828661479e-18
56 60 -2.062381193041801e+00
60 56 -2.062381193041801e+00
56 61  6.604243973670545e+06
61 56  6.604243973670545e+06
56 62 -3.650525599252192e+09
62 56 -3.650525599252192e+09
56 63  3.615403489055283e-14
63 56  3.615403489055283e-14
56 64  2.408864876035019e-12
64 56  2.408864876035019e-12
56 65  2.599574264599589e-17
65 56  2.599574264599589e-17
56 66  9.126309570435482e+07
66 56  9.126309570435482e+07
57 57  7.250242306526814e+09
57 58 -3.095419693245902e+03
58 57 -3.095419693245902e+03
57 59  2.770327940583229e+00
59 57  2.770327940583229e+00
57 60 -4.009616216747489e-18
60 57 -4.009616216747489e-18
57 61 -9.568425769499616e-11
61 57 -9.568425769499616e-11
57 62  3.615403489055278e-14
62 57  3.615403489055278e-14
57 63 -3.625120031055881e+09
63 57 -3.625120031055881e+09
57 64 -3.122714594947124e+04
64 57 -3.122714594947124e+04
57 65 -9.062801688484173e+07
65 57 -9.062801688484173e+07
57 66 -5.577705744086550e-17
66 57 -5.577705744086550e-17
58 58  1.024781499600768e+08
58 59  1.355138042218139e+04
59 58  1.355138042218139e+04
58 60  6.863713754324256e-12
60 58  6.863713754324256e-12
58 61  1.419108466319823e-14
61 58  1.419108466319823e-14
58 62 -2.408875240971080e-12
62 58 -2.408875240971080e-12
58 63  3.122714594947124e+04
63 58  3.122714594947124e+04
58 64 -5.123905928901166e+07
64 58 -5.123905928901166e+07
58 65 -3.490534134536283e+03
65 58 -3.490534134536283e+03
58 66 -3.484827690707766e-12
66 58 -3.484827690707766e-12
59 59  1.426967549220515e+08
59 60  9.313229528099856e-09
60 59  9.313229528099856e-09
59 61  2.392102190927431e-12
61 59  2.392102190927431e-12
59 62 -2.599206796379271e-17
62 59 -2.599206796379271e-17
59 63  9.062801688484173e+07
63 59  9.062801688484173e+07
59 64 -7.577715060007838e+03
64 59 -7.577715060007838e+03
59 65 -6.681695551189825e+07
65 59 -6.681695551189825e+07
59 66 -4.656613289461151e-09
66 59 -4.656613289461151e-09
60 60  2.473347276557561e+08
60 61 -3.235551782320077e+04
61 60 -3.235551782320077e+04
60 62 -9.126309570435482e+07
62 60 -9.126309570435482e+07
60 63  5.577705744086550e-17
63 60  5.577705744086550e-17
60 64 -3.399562468301245e-12
64 60 -3.399562468301245e-12
60 65 -4.656613618852675e-09
65 60 -4.656613618852675e-09
60 66 -1.191041719110928e+08
66 60 -1.191041719110928e+08
61 61  4.354558424977928e+10
61 62 -1.380999613228759e+07
62 61 -1.380999613228759e+07
61 63  1.977796808646761e-10
63 61  1.977796808646761e-10
61 64 -2.790484051549748e-14
64 61 -2.790484051549748e-14
61 65 -1.602688742371664e-13
65 61 -1.602688742371664e-13
61 66  3.039154362214700e+03
66 61  3.039154362214700e+03
61 67 -2.177279189518103e+10
67 61 -2.177279189518103e+10
61 68  7.205752158617046e+06
68 61  7.205752158617046e+06
61 69 -1.020954231696799e-10
69 61 -1.020954231696799e-10
61 70  1.371837608149909e-14
70 61  1.371837608149909e-14
61 71 -2.552391764551013e-12
71 61 -2.552391764551013e-12
61 72  3.539467218552932e+04
72 61  3.539467218552932e+04
62 62  7.301051657742573e+09
62 63 -7.814921014270008e-14
63 62 -7.814921014270008e-14
62 64  1.614130150047238e-13
64 62  1.614130150047238e-13
62 65  1.893601522035562e-18
65 62  1.893601522035562e-18
62 66 -1.128156617283821e+00
66 62 -1.128156617283821e+00
62 67  7.205752158617046e+06
67 62  7.205752158617046e+06
62 68 -3.650526058490380e+09
68 62 -3.650526058490380e+09
62 69  4.199517525214725e-14
69 62  4.199517525214725e-14
62 70  2.570267007196935e-12
70 62  2.570267007196935e-12
62 71  2.789356526145469e-17
71 62  2.789356526145469e-17
62 72  9.126309457619821e+07
72 62  9.126309457619821e+07
63 63  7.250240062979884e+09
63 64 -3.027985902850571e+03
64 63 -3.027985902850571e+03
63 65  1.094158843159676e+00
65 63  1.094158843159676e+00
63 66 -4.207664009768408e-18
66 63 -4.207664009768408e-18
63 67 -1.020954231696799e-10
67 63 -1.020954231696799e-10
63 68  4.199517525214725e-14
68 63  4.199517525214725e-14
63 69 -3.625120031924003e+09
69 63 -3.625120031924003e+09
63 70 -3.425513185232181e+04
70 63 -3.425513185232181e+04
63 71 -9.062801579068288e+07
71 63 -9.062801579068288e+07
63 72 -5.998472145063391e-17
72 63 -5.998472145063391e-17
64 64  1.024781201882981e+08
64 65  1.490591010847942e+04
65 64  1.490591010847942e+04
64 66  7.408439521552558e-12
66 64  7.408439521552558e-12
64 67  1.365418954802731e-14
67 64  1.365418954802731e-14
64 68 -2.570277891039743e-12
68 64 -2.570277891039743e-12
64 69  3.425513185232181e+04
69 64  3.425513185232181e+04
64 70 -5.123905968147764e+07
70 64 -5.123905968147764e+07
64 71 -4.054080596692519e+03
71 64 -4.054080596692519e+03
64 72 -3.646233058601430e-12
72 64 -3.646233058601430e-12
65 65  1.426967138234301e+08
65 66  9.313226894386451e-09
66 65  9.313226894386451e-09
65 67  2.552381148617027e-12
67 65  2.552381148617027e-12
65 68 -2.788934416802987e-17
68 65 -2.788934416802987e-17
65 69  9.062801579068288e+07
69 65  9.062801579068288e+07
65 70 -8.051438794329614e+03
70 65 -8.051438794329614e+03
65 71 -6.681695512270399e+07
71 65 -6.681695512270399e+07
65 72 -4.656613407430621e-09
72 65 -4.656613407430621e-09
66 66  2.473346561561179e+08
66 67 -3.539467218547239e+04
67 66 -3.539467218547239e+04
66 68 -9.126309457619821e+07
68 66 -9.126309457619821e+07
66 69  5.998472145063470e-17
69 66  5.998472145063470e-17
66 70 -3.788341490906016e-12
70 66 -3.788341490906016e-12
66 71 -4.656613648987017e-09
71 66 -4.656613648987017e-09
66 72 -1.191041719051404e+08
72 66 -1.191041719051404e+08
67 67  4.354558330254765e+10
67 68 -1.499967690193447e+07
68 67 -1.499967690193447e+07
67 69  2.170853092471182e-10
69 67  2.170853092471182e-10
67 70 -2.636879245247931e-14
70 67 -2.636879245247931e-14
67 71 -3.223510792568382e-13
71 67 -3.223510792568382e-13
67 72  2.971996866279631e+03
72 67  2.971996866279631e+03
67 73 -2.177279140736662e+10
73 67 -2.177279140736662e+10
67 74  7.793924743317430e+06
74 67  7.793924743317430e+06
67 75 -1.149898860774383e-10
75 67 -1.149898860774383e-10
67 76  1.272338843322036e-14
76 67  1.272338843322036e-14
67 77 -2.874753510862138e-12
77 67 -2.874753510862138e-12
67 78  3.836666905186588e+04
78 67  3.836666905186588e+04
68 68  7.301052604625164e+09
68 69 -9.296282232044565e-14
69 68 -9.296282232044565e-14
68 70  3.246315827419692e-13
70 68  3.246315827419692e-13
68 71  1.276158887087084e-18
71 68  1.276158887087084e-18
68 72 -1.201102048158646e+00
72 68 -1.201102048158646e+00
68 73  7.793924743317430e+06
73 68  7.793924743317430e+06
68 74 -3.650526546134784e+09
74 68 -3.650526546134784e+09
68 75  5.096764706829840e-14
75 68  5.096764706829840e-14
68 76  2.894887677313467e-12
76 68  2.894887677313467e-12
68 77  2.917431177617062e-17
77 68  2.917431177617062e-17
68 78  9.126309337509616e+07
78 68  9.126309337509616e+07
69 69  7.250240064672593e+09
69 70 -2.961295741562695e+03
70 69 -2.961295741562695e+03
69 71  1.167908295989037e+00
71 69  1.167908295989037e+00
69 72 -5.673327631797475e-18
72 69 -5.673327631797475e-18
69 73 -1.149898860774383e-10
73 69 -1.149898860774383e-10
69 74  5.096764706829838e-14
74 69  5.096764706829838e-14
69 75 -3.625120032748590e+09
75 69 -3.625120032748590e+09
69 76 -3.721642759388451e+04
76 69 -3.721642759388451e+04
69 77 -9.062801462277459e+07
77 69 -9.062801462277459e+07
69 78 -6.565804908243138e-17
78 69 -6.565804908243138e-17
70 70  1.024781212264992e+08
70 71  1.623068209853816e+04
71 70  1.623068209853816e+04
70 72  8.100870888293325e-12
72 70  8.100870888293325e-12
70 73  1.265041637098021e-14
73 70  1.265041637098021e-14
70 74 -2.894898589938904e-12
74 70 -2.894898589938904e-12
70 75  3.721642759388451e+04
75 70  3.721642759388451e+04
70 76 -5.123906009847844e+07
76 70 -5.123906009847844e+07
70 77 -4.605664764278950e+03
77 70 -4.605664764278950e+03
70 78 -4.010849371383323e-12
78 70 -4.010849371383323e-12
71 71  1.426967127920204e+08
71 72  9.313226956998733e-09
72 71  9.313226956998733e-09
71 73  2.874742843807851e-12
73 71  2.874742843807851e-12
71 74 -2.916972414854178e-17
74 71 -2.916972414854178e-17
71 75  9.062801462277459e+07
75 71  9.062801462277459e+07
71 76 -8.514198265836314e+03
76 71 -8.514198265836314e+03
71 77 -6.681695470881113e+07
77 71 -6.681695470881113e+07
71 78 -4.656613429033666e-09
78 71 -4.656613429033666e-09
72 72  2.473346561449326e+08
72 73 -3.836666905180895e+04
73 72 -3.836666905180895e+04
72 74 -9.126309337509616e+07
74 72 -9.126309337509616e+07
72 75  6.565804908243138e-17
75 72  6.565804908243138e-17
72 76 -4.209801212019210e-12
76 72 -4.209801212019210e-12
72 77 -4.656613640024015e-09
77 72 -4.656613640024015e-09
72 78 -1.191041718994870e+08
78 72 -1.191041718994870e+08
73 73  4.354560842835417e+10
73 74 -1.616284513599171e+07
74 73 -1.616284513599171e+07
73 75  2.419991997196451e-10
75 73  2.419991997196451e-10
73 76 -2.443478989515065e-14
76 73 -2.443478989515065e-14
73 77 -3.004713820054183e-13
77 73 -3.004713820054183e-13
73 78  2.905588946410680e+03
78 73  2.905588946410680e+03
73 79 -2.177281702098755e+10
79 73 -2.177281702098755e+10
73 80  8.368920392674280e+06
80 73  8.368920392674280e+06
73 81 -1.270093136422068e-10
81 73 -1.270093136422068e-10
73 82  1.179271831961589e-14
82 73  1.179271831961589e-14
73 83 -3.175235522225512e-12
83 73 -3.175235522225512e-12
73 84  4.127225799833349e+04
84 73  4.127225799833349e+04
74 74  7.301058067589334e+09
74 75 -1.112437364985760e-13
75 74 -1.112437364985760e-13
74 76  3.025985014635865e-13
76 74  3.025985014635865e-13
74 77  1.119277501409628e-18
77 74  1.119277501409628e-18
74 78  7.594520598649979e-01
78 74  7.594520598649979e-01
74 79  8.368920392674278e+06
79 74  8.368920392674278e+06
74 80 -3.650531521454551e+09
80 74 -3.650531521454551e+09
74 81  6.027608943027757e-14
81 74  6.027608943027757e-14
74 82  3.197475324513367e-12
82 74  3.197475324513367e-12
74 83  3.029849794274738e-17
83 74  3.029849794274738e-17
74 84  9.126309413454822e+07
84 74  9.126309413454822e+07
75 75  7.250244556937216e+09
